1064    700     1309    752
884     639     1133    696
1079    416     1320    474
1665    433     1902    476
1688    505     1927    547
1840    1044    2088    1082
1539    1135    1786    1178
1429    1117    1676    1161
2193    1182    2451    1219
1904    1269    2155    1309
1874    1303    2125    1344
2066    1429    2323    1471
1398    1763    1649    1805
1425    1942    1676    1986
1077    2087    1331    2125
936     1721    1192    1762
937     1532    1192    1575
666     1523    928     1567
629     1577    891     1620
1525    1490    1775    1534
332     900     606     961
918     897     1170    948
514     1154    781     1205
2563    1242    2839    1278
2495    1567    2772    1614
2295    1472    2561    1515
2201    1580    2464    1625
1316    1710    1568    1753
1525    2071    1777    2118
1628    2038    1881    2087
1681    2207    1935    2258
521     1485    789     1529
1924    328     2163    360
2008    365     2248    395
1933    658     2178    693
1621    712     1862    753
749     1719    1010    1760
1060    1709    1313    1750
835     764     1087    819
1626    233     1859    274
1414    145     1646    194
