787     661     1039    722
986     572     1231    629
1155    561     1397    615
1103    550     1346    605
1454    331     1688    380
1051    134     1287    199
1069    26      1304    92
1855    770     2098    807
1744    821     1987    861
1747    973     1992    1013
1983    1215    2233    1254
2284    1031    2541    1064
2428    531     2683    551
2817    393     3096    394
2663    1406    2948    1446
121     2306    419     2313
57      824     351     893
230     1003    511     1064
2071    454     2312    482
